[gd_scene load_steps=9 format=2]

[ext_resource path="res://ChessGame.gd" type="Script" id=1]
[ext_resource path="res://scenes/Board.tscn" type="PackedScene" id=2]
[ext_resource path="res://resources/Audio/Title Theme - The Legend of Zelda - Ocarina of Time.ogg" type="AudioStream" id=3]
[ext_resource path="res://scenes/HUD.tscn" type="PackedScene" id=4]

[sub_resource type="ProceduralSky" id=1]
sky_top_color = Color( 0.101961, 0.180392, 0.294118, 1 )
sky_horizon_color = Color( 0.207843, 0.25098, 0.360784, 1 )
ground_bottom_color = Color( 0.32549, 0.419608, 0.501961, 1 )
ground_horizon_color = Color( 0.12549, 0.0862745, 0.188235, 1 )
ground_curve = 1.87403
sun_angle_min = 0.0
sun_angle_max = 0.0

[sub_resource type="Environment" id=2]
background_mode = 2
background_sky = SubResource( 1 )
background_energy = 0.7
fog_depth_curve = 1.27456
tonemap_mode = 2
auto_exposure_scale = 0.1
ssao_radius2 = 1.0
ssao_light_affect = 1.0
ssao_ao_channel_affect = 1.0
ssao_quality = 2
dof_blur_far_distance = 20.0
dof_blur_far_transition = 10.0
dof_blur_far_quality = 2
glow_enabled = true
glow_strength = 1.1
glow_bloom = 0.1
glow_blend_mode = 1
glow_bicubic_upscale = true
glow_high_quality = true
adjustment_enabled = true
adjustment_contrast = 1.3

[sub_resource type="SpatialMaterial" id=3]
albedo_color = Color( 0.20416, 0.1936, 0.22, 1 )
metallic = 0.36
roughness = 0.62

[sub_resource type="CubeMesh" id=4]
material = SubResource( 3 )
size = Vector3( 25, 2, 20 )

[node name="Game" type="Spatial"]

[node name="HUD" parent="." instance=ExtResource( 4 )]

[node name="SpotLight" type="SpotLight" parent="."]
transform = Transform( 1, 0, 0, 0, -4.37114e-08, 1, 0, -1, -4.37114e-08, 0, 8, 0 )
light_color = Color( 1, 0.870833, 0.75, 1 )
light_energy = 0.5
shadow_enabled = true
spot_range = 15.0
spot_angle = 80.0

[node name="Camera" type="Camera" parent="."]
transform = Transform( 1, 0, 0, 0, 0.536799, 0.84371, 0, -0.84371, 0.536799, 0, 16.706, 11.2474 )
cull_mask = 1023
current = true
fov = 60.0

[node name="Listener" type="Listener" parent="Camera"]
current = true

[node name="Board" parent="." instance=ExtResource( 2 )]
script = ExtResource( 1 )
whos_starting = 1

[node name="blacks_light" type="Spatial" parent="Board"]
transform = Transform( 0.0669872, -0.965926, -0.25, -0.25, -0.258819, 0.933013, -0.965926, 7.6788e-08, -0.258819, -7, 4, -7 )

[node name="light" type="SpotLight" parent="Board/blacks_light"]
transform = Transform( 0.875, -0.129409, -0.466506, -0.129409, 0.866025, -0.482963, 0.466506, 0.482963, 0.741025, -12.5851, -13.523, -7.12346 )
light_color = Color( 0.94902, 0.733333, 0.533333, 1 )
shadow_enabled = true
spot_range = 15.0
spot_angle = 60.0

[node name="light_2" type="SpotLight" parent="Board/blacks_light"]
transform = Transform( 0.866025, 1.48677e-07, -0.5, -1.50071e-07, 1, 5.005e-08, 0.5, 3.47753e-08, 0.866025, -13.523, 9.53674e-07, -3.62347 )
light_color = Color( 0.94902, 0.733333, 0.533333, 1 )
shadow_enabled = true
spot_range = 15.0
spot_angle = 60.0

[node name="whites_light" type="Spatial" parent="Board"]

[node name="light_3" type="SpotLight" parent="Board/whites_light"]
transform = Transform( 0.0669872, -0.965926, -0.25, -0.25, -0.258819, 0.933013, -0.965926, 7.6788e-08, -0.258819, -7, 4, -7 )
light_color = Color( 0.94902, 0.733333, 0.533333, 1 )
shadow_enabled = true
spot_range = 15.0
spot_angle = 60.0

[node name="light_4" type="SpotLight" parent="Board/whites_light"]
transform = Transform( -0.0669872, -0.965926, 0.25, -0.25, 0.258819, 0.933013, -0.965926, -7.58238e-08, -0.258819, 7, 4, -7 )
light_color = Color( 0.94902, 0.733333, 0.533333, 1 )
shadow_enabled = true
spot_range = 15.0
spot_angle = 60.0

[node name="Pieces" type="Spatial" parent="Board"]
transform = Transform( 0.75, 0, 0, 0, 1, 0, 0, 0, 0.75, -5.25, 0, -5.25 )

[node name="Tween" type="Tween" parent="Board"]

[node name="DirectionalLight" type="DirectionalLight" parent="."]
transform = Transform( 1, 0, 0, 0, -4.37114e-08, 1, 0, -1, -4.37114e-08, 0, 4, 0 )
light_color = Color( 1, 0.937255, 0.960784, 1 )
light_energy = 0.4
shadow_enabled = true

[node name="WorldEnvironment" type="WorldEnvironment" parent="."]
environment = SubResource( 2 )

[node name="MeshInstance" type="MeshInstance" parent="."]
transform = Transform( 1, 0, 0, 0, 1, 0, 0, 0, 1, 0, -2, 0 )
mesh = SubResource( 4 )
material/0 = null

[node name="AudioStreamPlayer" type="AudioStreamPlayer" parent="."]
pause_mode = 2
stream = ExtResource( 3 )
autoplay = true
bus = "Music"
